
 A is 
0.03749999 0.32083333 0.32083333 0.32083333 
0.03749999 0.03749999 0.03749999 0.88750005 
0.46250001 0.03749999 0.03749999 0.46250001 
0.32083333 0.32083333 0.32083333 0.03749999 

 A transpose is 
0.03749999 0.03749999 0.46250001 0.32083333 
0.32083333 0.03749999 0.03749999 0.32083333 
0.32083333 0.03749999 0.03749999 0.32083333 
0.32083333 0.88750005 0.46250001 0.03749999 
 q vector 
 1.000000  1.000000  1.000000  1.000000 
A:
0.03749999 0.03749999 0.46250001 0.32083333 
0.32083333 0.03749999 0.03749999 0.32083333 
0.32083333 0.03749999 0.03749999 0.32083333 
0.32083333 0.88750005 0.46250001 0.03749999 

Q:
0.50000000 -0.17149855 0.20000000 -0.83320892 0.44307902 
0.50000000 -0.34299716 -0.40000001 0.23434016 0.49846393 
0.50000000 -0.34299716 -0.40000001 0.23434016 0.49846393 
0.50000000 0.85749292 0.80000001 0.44264242 0.55384880 

H:
1.00000000 -0.00000003 0.09999998 0.03905690 
0.41302580 -0.56666672 -0.59281349 0.09109516 
0.00000000 0.00000004 -0.03749995 0.09601431 
0.00000000 0.00000000 0.09601432 -0.24583335 
0.00000000 0.00000000 0.00000000 0.00000007 

 modifiled H minus I 
0.00000000 -0.00000003 0.09999998 0.03905690 
0.41302580 -1.56666672 -0.59281349 0.09109516 
0.00000000 0.00000004 -1.03749990 0.09601431 
0.00000000 0.00000000 0.09601432 -1.24583340 
0.00000000 0.00000000 0.00000000 0.00000007 

 diagonal 
 1.790118  0  0  0 
 0  0.000000  0  0 
 0  0  0.932656  0 
 0  0  0  1.252542 

 U : 
0.02403161 0.99428654 -0.10215721 -0.01950641 
-0.94576651 -0.00000001 -0.25973642 0.19509658 
-0.29370511 0.09942864 0.93326014 -0.18131959 
0.13669482 0.03883372 0.22611155 0.96368039 
-0.00000001 -0.00000011 -0.00000002 -0.00000005 


 V:
-0.21821247 -0.96696132 -0.11502399 0.06433313 
0.82771146 -0.25492337 0.43630263 -0.24402484 
0.49209601 -0.00000002 -0.86075437 0.13016698 
-0.15848956 -0.00000000 -0.23560855 -0.95883769 
 
 smallest index = 1 

 small v 
 -0.966961  -0.254923  -0.000000  -0.000000 
 Q n by k number of rows = 4 5 

0.50000000 -0.17149855 0.20000000 -0.83320892 0.44307902 
0.50000000 -0.34299716 -0.40000001 0.23434016 0.49846393 
0.50000000 -0.34299716 -0.40000001 0.23434016 0.49846393 
0.50000000 0.85749292 0.80000001 0.44264242 0.55384880 
q = 
 -0.439762  -0.396043  -0.396043  -0.702076 

 Aq 
-0.43976167 
-0.39604267 
-0.39604267 
-0.70207566 

 Aq - q 
0.00000000 
0.00000000 
0.00000000 
0.00000000 

 Aq-q norm 
 
 0.00000000 
A:
0.03749999 0.03749999 0.46250001 0.32083333 
0.32083333 0.03749999 0.03749999 0.32083333 
0.32083333 0.03749999 0.03749999 0.32083333 
0.32083333 0.88750005 0.46250001 0.03749999 

Q:
-0.43976167 0.50000000 -0.17149846 0.81649655 -0.28867543 
-0.39604267 0.50000000 -0.34299722 -0.40824828 -0.28867486 
-0.39604267 0.50000000 -0.34299722 -0.40824828 -0.28867486 
-0.70207566 0.50000000 0.85749292 0.00000000 0.86602551 

H:
1.00000012 -1.07225132 0.14445658 0.09608284 
0.00000012 -0.03682557 0.13968393 0.09290840 
-0.29370511 0.13968387 -0.52984136 -0.35241503 
0.13669482 0.03883372 0.00000004 -0.27777773 
-0.00000001 -0.00000011 -0.00000002 0.03928377 

 modifiled H minus I 
0.00000012 -1.07225132 0.14445658 0.09608284 
0.00000012 -1.03682554 0.13968393 0.09290840 
-0.29370511 0.13968387 -1.52984142 -0.35241503 
0.13669482 0.03883372 0.00000004 -1.27777767 
-0.00000001 -0.00000011 -0.00000002 0.03928377 

 diagonal 
 0.004058  0  0  0 
 0  1.776083  0  0 
 0  0  1.222129  0 
 0  0  0  1.363717 

 U : 
-0.00065163 -0.41110411 0.01550228 -0.58952945 
-0.00062868 -0.39752182 0.01499000 -0.57005197 
-0.00068150 0.76392746 -0.35032210 -0.54193074 
-0.03030850 0.29883543 0.93595743 -0.18374556 
-0.99953985 -0.00906426 -0.02816113 0.00668392 


 V:
-0.97158957 -0.10332862 0.18887681 0.09829799 
0.01932200 0.54686677 -0.03661795 0.83619541 
0.21208175 -0.72271502 0.44207311 0.48710960 
-0.10325576 -0.40980855 -0.87610275 0.23203267 
 
 smallest index = 0 

 small v 
 -0.971590  0.019322  0.212082  -0.103256 
 Q n by k number of rows = 4 5 

-0.43976167 0.50000000 -0.17149846 0.81649655 -0.28867543 
-0.39604267 0.50000000 -0.34299722 -0.40824828 -0.28867486 
-0.39604267 0.50000000 -0.34299722 -0.40824828 -0.28867486 
-0.70207566 0.50000000 0.85749292 0.00000000 0.86602551 
q = 
 0.316249  0.363862  0.363862  0.873649 

 Aq 
0.47408628 
0.40904868 
0.40904868 
0.62543941 

 Aq - q 
0.15783709 
0.04518622 
0.04518622 
-0.24820960 

 Aq-q norm 
 
 0.30100522 
A:
0.03749999 0.03749999 0.46250001 0.32083333 
0.32083333 0.03749999 0.03749999 0.32083333 
0.32083333 0.03749999 0.03749999 0.32083333 
0.32083333 0.88750005 0.46250001 0.03749999 

Q:
0.29775688 0.71511394 0.63241935 0.40447643 -0.47368684 
0.34258601 0.32358164 -0.52718961 0.37336284 -0.40834555 
0.34258601 0.32358164 -0.52718961 0.37336284 -0.40834555 
0.82256335 -0.52839565 0.21020952 0.74672568 0.66492760 

H:
0.88116932 0.59510344 -0.30524373 0.94806945 
0.25728822 -0.27346382 0.29074109 0.22311753 
-0.00068150 0.05920484 -0.45770553 -0.00067179 
-0.03030850 0.29883543 0.00000096 -0.00000009 
-0.99953985 -0.00906426 -0.02816113 0.00000001 

 modifiled H minus I 
-0.11883068 0.59510344 -0.30524373 0.94806945 
0.25728822 -1.27346385 0.29074109 0.22311753 
-0.00068150 0.05920484 -1.45770550 -0.00067179 
-0.03030850 0.29883543 0.00000096 -1.00000012 
-0.99953985 -0.00906426 -0.02816113 0.00000001 

 diagonal 
 0.965026  0  0  0 
 0  1.712729  0  0 
 0  0  1.244219  0 
 0  0  0  1.410066 

 U : 
0.13648550 -0.45157754 0.42931169 -0.48068580 
-0.20840770 0.60050857 -0.43466067 -0.46583396 
-0.10910899 -0.64833540 -0.74065340 -0.13278824 
0.03606163 -0.01967681 -0.15401709 0.72709846 
-0.96163017 -0.12141341 0.23339452 0.07506572 


 V:
0.92259669 0.19300236 -0.31422350 -0.11326509 
0.37269038 -0.62860215 0.57627940 0.36587319 
0.08691510 0.73621368 0.65556240 0.14378200 
0.04861022 -0.15999641 0.37336800 -0.91248810 
 
 smallest index = 0 

 small v 
 0.922597  0.372690  0.086915  0.048610 
 Q n by k number of rows = 4 5 

0.29775688 0.71511394 0.63241935 0.40447643 -0.47368684 
0.34258601 0.32358164 -0.52718961 0.37336284 -0.40834555 
0.34258601 0.32358164 -0.52718961 0.37336284 -0.40834555 
0.82256335 -0.52839565 0.21020952 0.74672568 0.66492760 
q = 
 0.615854  0.408993  0.408993  0.616535 

 Aq 
0.42539603 
0.42606598 
0.42606598 
0.77284712 

 Aq - q 
-0.19045806 
0.01707301 
0.01707301 
0.15631199 

 Aq-q norm 
 
 0.24756956 
A:
0.03749999 0.03749999 0.46250001 0.32083333 
0.32083333 0.03749999 0.03749999 0.32083333 
0.32083333 0.03749999 0.03749999 0.32083333 
0.32083333 0.88750005 0.46250001 0.03749999 

Q:
0.58881742 -0.75376368 0.29177630 -0.72176129 0.62065750 
0.39103773 0.07949731 -0.58375621 -0.36982808 -0.14083916 
0.39103773 0.07949731 -0.58375621 -0.36982808 -0.14083916 
0.58946854 0.64745712 0.48303622 -0.45333764 -0.75836205 

H:
0.99364054 0.04208467 -0.31268111 -0.96782613 
0.23661555 -0.24107625 -0.31039634 -0.27912861 
-0.10910899 0.04357325 -0.60256433 0.00702595 
0.03606163 -0.01967681 0.00000250 0.00000010 
-0.96163017 -0.12141341 0.23339452 0.00000003 

 modifiled H minus I 
-0.00635946 0.04208467 -0.31268111 -0.96782613 
0.23661555 -1.24107623 -0.31039634 -0.27912861 
-0.10910899 0.04357325 -1.60256433 0.00702595 
0.03606163 -0.01967681 0.00000250 -0.99999988 
-0.96163017 -0.12141341 0.23339452 0.00000003 

 diagonal 
 1.754974  0  0  0 
 0  0.969125  0  0 
 0  0  1.189409  0 
 0  0  0  1.396658 

 U : 
0.36889637 -0.00339832 0.42342800 -0.43167067 
0.41028196 0.12432891 -0.81130987 -0.39630395 
0.78735322 0.13343847 0.13557489 0.56830865 
0.23105505 -0.03539542 0.36649778 -0.57550216 
-0.14924033 0.98258436 0.09891223 -0.04925709 


 V:
0.09155230 -0.96094793 -0.24495730 -0.09051643 
-0.25401232 -0.27574629 0.85034156 0.36927012 
-0.87711442 -0.02274480 -0.06284747 -0.47560844 
-0.39719808 0.00507496 -0.46148136 0.79324830 
 
 smallest index = 1 

 small v 
 -0.960948  -0.275746  -0.022745  0.005075 
 Q n by k number of rows = 4 5 

0.58881742 -0.75376368 0.29177630 -0.72176129 0.62065750 
0.39103773 0.07949731 -0.58375621 -0.36982808 -0.14083916 
0.39103773 0.07949731 -0.58375621 -0.36982808 -0.14083916 
0.58946854 0.64745712 0.48303622 -0.45333764 -0.75836205 
q = 
 -0.368275  -0.386287  -0.386287  -0.758270 

 Aq 
-0.45023224 
-0.39040455 
-0.39040455 
-0.66807795 

 Aq - q 
-0.08195758 
-0.00411710 
-0.00411710 
0.09019178 

 Aq-q norm 
 
 0.12200616 
A:
0.03749999 0.03749999 0.46250001 0.32083333 
0.32083333 0.03749999 0.03749999 0.32083333 
0.32083333 0.03749999 0.03749999 0.32083333 
0.32083333 0.88750005 0.46250001 0.03749999 

Q:
-0.36662215 -0.81032687 -0.45711935 0.87157553 -0.13486969 
-0.38455409 -0.14990132 0.57414973 0.32684085 0.38645354 
-0.38455409 -0.14990132 0.57414973 0.32684085 0.38645354 
-0.75486720 0.54628700 -0.36296847 -0.16342042 0.82650918 

H:
0.96528757 0.38170877 -0.35114315 -0.78580022 
0.11639265 -0.26928064 0.27747682 0.19856484 
0.78735322 0.01823005 -0.54600698 -0.03606153 
0.23105505 -0.03539542 0.00000027 0.00000000 
-0.14924033 0.98258436 0.09891223 0.00000001 

 modifiled H minus I 
-0.03471243 0.38170877 -0.35114315 -0.78580022 
0.11639265 -1.26928067 0.27747682 0.19856484 
0.78735322 0.01823005 -1.54600692 -0.03606153 
0.23105505 -0.03539542 0.00000027 -1.00000000 
-0.14924033 0.98258436 0.09891223 0.00000001 

 diagonal 
 0.230443  0  0  0 
 0  1.873194  0  0 
 0  0  1.649645  0 
 0  0  0  1.187142 

 U : 
0.72607404 -0.37499425 -0.16435732 0.45578152 
-0.03076557 0.46837083 0.57821780 0.20874766 
-0.13073602 -0.74751264 0.59410083 -0.25217080 
-0.55598187 -0.20147364 -0.01966963 0.79679376 
-0.38165706 -0.20159680 -0.53414232 -0.22409183 


 V:
-0.88188374 -0.28693762 0.37337950 0.02314353 
-0.18015334 -0.50299895 -0.79409230 -0.28974834 
-0.43014902 0.74597621 -0.45656011 0.22370586 
-0.06926511 0.32890493 0.14682630 -0.93030423 
 
 smallest index = 0 

 small v 
 -0.881884  -0.180153  -0.430149  -0.069265 
 Q n by k number of rows = 4 5 

-0.36662215 -0.81032687 -0.45711935 0.87157553 -0.13486969 
-0.38455409 -0.14990132 0.57414973 0.32684085 0.38645354 
-0.38455409 -0.14990132 0.57414973 0.32684085 0.38645354 
-0.75486720 0.54628700 -0.36296847 -0.16342042 0.82650918 
q = 
 0.605561  0.096529  0.096529  0.734740 

 Aq 
0.30670178 
0.43725267 
0.43725267 
0.35215050 

 Aq - q 
-0.29885906 
0.34072405 
0.34072405 
-0.38258904 

 Aq-q norm 
 
 0.68401526 
A:
0.03749999 0.03749999 0.46250001 0.32083333 
0.32083333 0.03749999 0.03749999 0.32083333 
0.32083333 0.03749999 0.03749999 0.32083333 
0.32083333 0.88750005 0.46250001 0.03749999 

Q:
0.62957036 -0.07228363 -0.77357370 -0.99780995 -0.06614608 
0.10035584 0.69975954 0.01628793 -0.04677234 0.70555824 
0.10035584 0.69975954 0.01628793 -0.04677234 0.70555824 
0.76387078 -0.12429102 0.63328761 0.00000000 0.00000000 

H:
0.57165021 0.89167225 -0.04865517 -0.39600977 
0.56765300 -0.15098010 -0.04929603 -0.40090582 
-0.13073602 0.34255484 -0.27067015 -0.20622864 
-0.55598187 -0.20147364 0.00000003 -0.00000000 
-0.38165706 -0.20159680 -0.53414232 0.00000002 

 modifiled H minus I 
-0.42834979 0.89167225 -0.04865517 -0.39600977 
0.56765300 -1.15098011 -0.04929603 -0.40090582 
-0.13073602 0.34255484 -1.27067018 -0.20622864 
-0.55598187 -0.20147364 0.00000003 -1.00000000 
-0.38165706 -0.20159680 -0.53414232 0.00000002 

 diagonal 
 0.486145  0  0  0 
 0  1.723410  0  0 
 0  0  1.166206  0 
 0  0  0  1.412184 

 U : 
-0.38371149 0.55357206 0.35969087 0.09184381 
-0.38228136 -0.63331318 -0.00517238 -0.54127860 
-0.30158666 0.50922382 -0.52581459 -0.55931103 
0.14741543 0.11879820 0.75114053 -0.51809448 
0.77067542 0.13802251 -0.17292383 -0.34253705 


 V:
-0.80080205 -0.45370841 -0.37719709 0.10289394 
-0.39190415 0.78055322 0.02579761 0.48629430 
0.01868033 -0.41574180 0.63732874 0.64855367 
0.45252439 -0.10974508 -0.67146778 0.57646227 
 
 smallest index = 0 

 small v 
 -0.800802  -0.391904  0.018680  0.452524 
 Q n by k number of rows = 4 5 

0.62957036 -0.07228363 -0.77357370 -0.99780995 -0.06614608 
0.10035584 0.69975954 0.01628793 -0.04677234 0.70555824 
0.10035584 0.69975954 0.01628793 -0.04677234 0.70555824 
0.76387078 -0.12429102 0.63328761 0.00000000 0.00000000 
q = 
 -0.941817  -0.375465  -0.375465  -0.551169 

 Aq 
-0.39988416 
-0.50715959 
-0.50715959 
-0.82971317 

 Aq - q 
0.54193276 
-0.13169438 
-0.13169438 
-0.27854407 

 Aq-q norm 
 
 0.63715362 
A:
0.03749999 0.03749999 0.46250001 0.32083333 
0.32083333 0.03749999 0.03749999 0.32083333 
0.32083333 0.03749999 0.03749999 0.32083333 
0.32083333 0.88750005 0.46250001 0.03749999 

Q:
-0.77607065 0.62758291 -0.06208003 -0.77459663 0.60024804 
-0.30938873 -0.32875499 0.54424143 -0.25819889 -0.11823070 
-0.30938873 -0.32875499 0.54424143 -0.25819889 -0.11823070 
-0.45417127 -0.62448376 -0.63541216 -0.51639777 -0.78214151 

H:
0.82482940 0.40019435 -0.25177899 0.79956090 
0.49493957 -0.03252940 -0.26983032 0.46680552 
-0.30158666 0.16437392 -0.64230001 -0.06011884 
0.14741543 0.11879820 0.00000012 0.00000001 
0.77067542 0.13802251 -0.17292383 0.00000001 

 modifiled H minus I 
-0.17517060 0.40019435 -0.25177899 0.79956090 
0.49493957 -1.03252935 -0.26983032 0.46680552 
-0.30158666 0.16437392 -1.64230001 -0.06011884 
0.14741543 0.11879820 0.00000012 -1.00000000 
0.77067542 0.13802251 -0.17292383 0.00000001 

 diagonal 
 0.752949  0  0  0 
 0  1.720841  0  0 
 0  0  1.206140  0 
 0  0  0  1.417675 

 U : 
0.31454197 -0.26239100 0.57438785 -0.27644867 
-0.20385750 -0.10654170 -0.59982342 -0.71282256 
-0.09005632 -0.95157337 -0.13295123 0.23073207 
0.04850923 0.11495869 -0.43704000 0.59749818 
0.92143482 -0.03305502 -0.31876391 -0.07224052 


 V:
0.78151709 0.15787932 -0.55340654 -0.24092813 
0.60363394 -0.08270324 0.60642380 0.51091701 
-0.04731609 0.96656054 0.24101624 -0.07370795 
0.15039334 -0.18437675 0.51759297 -0.82187861 
 
 smallest index = 0 

 small v 
 0.781517  0.603634  -0.047316  0.150393 
 Q n by k number of rows = 4 5 

-0.77607065 0.62758291 -0.06208003 -0.77459663 0.60024804 
-0.30938873 -0.32875499 0.54424143 -0.25819889 -0.11823070 
-0.30938873 -0.32875499 0.54424143 -0.25819889 -0.11823070 
-0.45417127 -0.62448376 -0.63541216 -0.51639777 -0.78214151 
q = 
 -0.341239  -0.504823  -0.504823  -0.779500 

 Aq 
-0.51529747 
-0.39743203 
-0.39743203 
-0.82022321 

 Aq - q 
-0.17405853 
0.10739100 
0.10739100 
-0.04072344 

 Aq-q norm 
 
 0.23456433 
A:
0.03749999 0.03749999 0.46250001 0.32083333 
0.32083333 0.03749999 0.03749999 0.32083333 
0.32083333 0.03749999 0.03749999 0.32083333 
0.32083333 0.88750005 0.46250001 0.03749999 

Q:
-0.30721602 -0.76411879 -0.56722218 -0.56568545 -0.80000001 
-0.45449010 0.42861983 -0.33124578 -0.42426407 0.40000001 
-0.45449010 0.42861983 -0.33124578 -0.42426407 0.40000001 
-0.70178044 -0.22066393 0.67735624 -0.56568545 0.19999997 

H:
0.98598790 -0.00553779 0.40482694 1.03051376 
0.21071187 -0.40281609 0.11897440 0.14966056 
-0.09005632 0.34314862 -0.43317187 -0.02840650 
0.04850923 0.11495869 0.00000011 -0.00000001 
0.92143482 -0.03305502 -0.31876391 0.00000001 

 modifiled H minus I 
-0.01401210 -0.00553779 0.40482694 1.03051376 
0.21071187 -1.40281606 0.11897440 0.14966056 
-0.09005632 0.34314862 -1.43317187 -0.02840650 
0.04850923 0.11495869 0.00000011 -1.00000000 
0.92143482 -0.03305502 -0.31876391 0.00000001 

 diagonal 
 0.858037  0  0  0 
 0  1.786018  0  0 
 0  0  1.350064  0 
 0  0  0  1.293878 

 U : 
-0.12127800 -0.42461109 0.57338929 -0.15626064 
0.30499247 -0.53172624 -0.59281778 -0.51145977 
0.31684029 0.66396761 0.14647099 -0.62853873 
-0.06169416 0.29615316 -0.51049507 0.39256665 
-0.88773721 0.09172110 -0.19424903 -0.40598261 


 V:
-0.91319335 -0.03751625 -0.25916573 -0.31225550 
-0.34520841 0.56389070 0.61214536 0.43374684 
-0.21434799 -0.68082947 0.01006956 0.70030355 
-0.03104719 -0.46593052 0.74700046 -0.47321773 
 
 smallest index = 0 

 small v 
 -0.913193  -0.345208  -0.214348  -0.031047 
 Q n by k number of rows = 4 5 

-0.30721602 -0.76411879 -0.56722218 -0.56568545 -0.80000001 
-0.45449010 0.42861983 -0.33124578 -0.42426407 0.40000001 
-0.45449010 0.42861983 -0.33124578 -0.42426407 0.40000001 
-0.70178044 -0.22066393 0.67735624 -0.56568545 0.19999997 
q = 
 0.683474  0.351248  0.351248  0.589409 

 Aq 
0.39035648 
0.43472689 
0.43472689 
0.71556914 

 Aq - q 
-0.29311723 
0.08347866 
0.08347866 
0.12615991 

 Aq-q norm 
 
 0.34025196 
A:
0.03749999 0.03749999 0.46250001 0.32083333 
0.32083333 0.03749999 0.03749999 0.32083333 
0.32083333 0.03749999 0.03749999 0.32083333 
0.32083333 0.88750005 0.46250001 0.03749999 

Q:
0.66344470 -0.74795526 -0.02010186 0.29323423 -0.88198519 
0.34095502 0.31673908 -0.53237766 0.55197030 0.31372896 
0.34095502 0.31673908 -0.53237766 0.55197030 0.31372896 
0.57213676 0.48981196 0.65783280 0.55197030 -0.15890372 

H:
0.93655396 0.26830083 -0.32555997 1.01303124 
0.32412976 -0.15153116 -0.19698758 0.27210766 
0.31684029 0.19262306 -0.63502276 0.22355871 
-0.06169416 0.29615316 0.00000011 -0.00000008 
-0.88773721 0.09172110 -0.19424903 0.00000002 

 modifiled H minus I 
-0.06344604 0.26830083 -0.32555997 1.01303124 
0.32412976 -1.15153122 -0.19698758 0.27210766 
0.31684029 0.19262306 -1.63502276 0.22355871 
-0.06169416 0.29615316 0.00000011 -1.00000012 
-0.88773721 0.09172110 -0.19424903 0.00000002 

 diagonal 
 1.845039  0  0  0 
 0  0.809973  0  0 
 0  0  1.211464  0 
 0  0  0  1.418025 

 U : 
0.42442256 -0.16840732 0.60221529 0.14818759 
0.22051173 0.39307457 -0.52232361 0.66027379 
0.82630593 -0.00542452 -0.30724114 -0.44484130 
-0.29741734 0.03974889 -0.38002828 -0.53586107 
0.00122102 0.90306258 0.35453656 -0.23884740 


 V:
0.17539918 -0.82442409 -0.49208629 0.21774083 
-0.03731992 -0.49910858 0.51494455 -0.69593793 
-0.83081114 -0.23353107 0.28090957 0.41988790 
0.52687299 -0.12914602 0.64325196 0.54032695 
 
 smallest index = 1 

 small v 
 -0.824424  -0.499109  -0.233531  -0.129146 
 Q n by k number of rows = 4 5 

0.66344470 -0.74795526 -0.02010186 0.29323423 -0.88198519 
0.34095502 0.31673908 -0.53237766 0.55197030 0.31372896 
0.34095502 0.31673908 -0.53237766 0.55197030 0.31372896 
0.57213676 0.48981196 0.65783280 0.55197030 -0.15890372 
q = 
 -0.206825  -0.386137  -0.386137  -0.941062 

 Aq 
-0.50274831 
-0.39724046 
-0.39724046 
-0.62293071 

 Aq - q 
-0.29592377 
-0.01110369 
-0.01110369 
0.31813115 

 Aq-q norm 
 
 0.43476993 
A:
0.03749999 0.03749999 0.46250001 0.32083333 
0.32083333 0.03749999 0.03749999 0.32083333 
0.32083333 0.03749999 0.03749999 0.32083333 
0.32083333 0.88750005 0.46250001 0.03749999 

Q:
-0.18674745 -0.87565249 -0.44537419 -0.22360680 -0.88020074 
-0.34865329 -0.21819218 0.57518065 -0.37267801 -0.17826113 
-0.34865329 -0.21819218 0.57518065 -0.37267801 -0.17826113 
-0.84971005 0.37150645 -0.37413394 -0.81989163 0.40211025 

H:
0.81281102 0.60561371 -0.40137011 0.85301471 
0.34506223 -0.11098701 0.19399112 0.33415902 
0.82630593 0.01533686 -0.55182403 0.01317384 
-0.29741734 0.03974889 0.00000040 -0.00000001 
0.00122102 0.90306258 0.35453656 0.00000002 

 modifiled H minus I 
-0.18718898 0.60561371 -0.40137011 0.85301471 
0.34506223 -1.11098695 0.19399112 0.33415902 
0.82630593 0.01533686 -1.55182409 0.01317384 
-0.29741734 0.03974889 0.00000040 -1.00000000 
0.00122102 0.90306258 0.35453656 0.00000002 

 diagonal 
 0.490179  0  0  0 
 0  1.838892  0  0 
 0  0  1.596647  0 
 0  0  0  1.320878 

 U : 
-0.52708411 -0.23747803 -0.48557219 0.49760571 
0.19151305 -0.06621739 0.70209950 0.35699904 
0.19797675 -0.92816162 -0.02963259 -0.30897936 
-0.34149438 0.20165448 0.01849927 -0.72759151 
0.72779936 0.19253781 -0.51966864 0.00908537 


 V:
0.87884849 -0.43780825 0.18948434 -0.00670875 
0.23406352 0.05296706 -0.96646565 -0.09139337 
0.40702286 0.86523670 0.12077698 0.26666573 
-0.08468764 -0.23850316 -0.12430862 0.95942241 
 
 smallest index = 0 

 small v 
 0.878848  0.234064  0.407023  -0.084688 
 Q n by k number of rows = 4 5 

-0.18674745 -0.87565249 -0.44537419 -0.22360680 -0.88020074 
-0.34865329 -0.21819218 0.57518065 -0.37267801 -0.17826113 
-0.34865329 -0.21819218 0.57518065 -0.37267801 -0.17826113 
-0.84971005 0.37150645 -0.37413394 -0.81989163 0.40211025 
q = 
 -0.531422  -0.091811  -0.091811  -0.742657 

 Aq 
-0.30410299 
-0.41565269 
-0.41565269 
-0.32229275 

 Aq - q 
0.22731879 
-0.32384133 
-0.32384133 
0.42036390 

 Aq-q norm 
 
 0.66191091 
